[[       713        781 1085980932          0]
 [       713        462 1085981082      19408]
 [       128       1124 1085981206      19387]
 [      1260        557 1085981290          0]
 [      1280       1403 1085981475      19835]
 [       713       1441 1085981636     419143]
 [       966         52 1085982151       1052]
 [       966        852 1085982334      11154]
 [       933        783 1085982502          0]
 [       323        966 1085982712    1625662]
 [       831        934 1085982904     868956]
 [      1248        367 1085982979      90450]
 [      1375        199 1085982983     859509]
 [        85        322 1085983179     436475]
 [        42       1062 1085983257     170831]
 [       606       1510 1085983332      10716]
 [      1375       1472 1085983334      14170]
 [      1182       1113 1085983402          0]
 [       615        422 1085983432          0]
 [       569        606 1085983487     965836]
 [       569        615 1085983593      14286]
 [      1346       1329 1085983640          0]
 [        19       1505 1085983686          0]
 [      1509       1179 1085983720          0]
 [      1472       1375 1085983751          0]
 [      1393       1180 1085983948          0]
 [      1280       1403 1085983983          0]
 [      1510        606 1085983998     421651]
 [       606       1510 1085984063      14424]
 [       852        966 1085984612      14901]
 [       569        606 1085984665          0]
 [      1510        606 1085984714      15464]
 [       912        899 1085984743      15140]
 [      1260        725 1085984920          0]
 [      1158        924 1085985237     352078]
 [       912       1513 1085985298     554228]
 [      1406       1224 1085985475          0]
 [      1280        725 1085985528          0]
 [       128        606 1085985649     279014]
 [      1280        725 1085985736          0]
 [       128       1510 1085985746     279222]
 [      1260        725 1085985753      19425]
 [       697       1349 1085985878     352911]
 [      1280        725 1085985979          0]
 [       128       1513 1085985999     279465]
 [      1406        928 1085986011          0]
 [      1260        725 1085986047          0]
 [      1400        714 1085986110     353205]
 [       783        933 1085986144          0]
 [      1037        595 1085986151    1629958]
 [       128       1513 1085986186     214613]
 [       758       1449 1085986205          0]
 [      1260        725 1085986240          0]
 [      1280        725 1085986270     353398]
 [      1280       1037 1085986372     279756]
 [      1280        725 1085986392          0]
 [       128       1513 1085986416     279878]
 [       782        701 1085986430          0]
 [      1260        725 1085986487          0]
 [      1487        132 1085986566     353645]
 [       128       1513 1085986630      84803]
 [       547       1169 1085986902          0]
 [      1513        716 1085986913     527082]
 [       128       1510 1085987172          0]
 [      1375       1472 1085987355      20851]
 [       204        298 1085987676          0]
 [      1285       1021 1085987983    1638414]
 [      1489        209 1085988040     348885]
 [      1489       1449 1085988110          0]
 [      1489       1021 1085988197      26076]
 [       314       1185 1085988509          0]
 [       701        326 1085988510          0]
 [       314       1449 1085988533      16655]
 [      1406        314 1085988536          0]
 [       314        333 1085988593          0]
 [      1406        314 1085988638     102502]
 [       557       1260 1085988854          0]
 [       128        204 1085988861          0]
 [       681        758 1085989498          0]
 [       758        681 1085989621     780226]
 [       912        314 1085989704    1144452]
 [       422        615 1085989776          0]
 [       173        749 1085989907     974719]
 [       912        375 1085990101    1940816]
 [      1406        173 1085990220     441598]
 [       405       1507 1085990285          0]
 [      1406        173 1085990732          0]
 [       276       1260 1085991059          0]
 [        42       1507 1085991069          0]
 [       368       1236 1085991085          0]
 [       852        276 1085991238     868278]
 [      1375       1472 1085991310          0]
 [      1514        847 1085991351          0]
 [       276        852 1085991360          0]
 [      1185       1403 1085991401          0]
 [       615        422 1085991467      20627]
 [       852        276 1085991621     973871]
 [       276        852 1085991714          0]
 [       852        276 1085991990          0]
 [       321       1260 1085992056          0]
 [       912        893 1085992213          0]
 [      1280        725 1085992528          0]
 [       163       1485 1085992537     286014]
 [      1281        725 1085993333          0]
 [      1281       1499 1085993398          0]
 [       841         90 1085993912     117575]
 [        42        852 1085994015          0]
 [       422        615 1085994233          0]
 [        90        841 1085994267     979176]
 [        42        852 1085994437          0]
 [       852       1356 1085995148          0]
 [        42        852 1085995151     485604]
 [        42       1215 1085995414          0]
 [       317        319 1085995470          0]
 [      1332        964 1085996038     279067]
 [      1375       1472 1085996279      30445]
 [      1375       1472 1085996570          0]
 [      1402       1252 1085996841          0]
 [       893        912 1085996866          0]
 [      1375        199 1085997243          0]
 [        50       1487 1085997540     450735]
 [        52        966 1085997805      89210]
 [       878       1417 1085998357      21948]
 [      1100       1215 1085998585     376555]
 [       792       1036 1085998836          0]
 [       792        824 1085998853      29371]
 [      1215       1100 1085999181      35278]
 [      1100       1215 1085999316          0]
 [      1075        708 1085999319          0]
 [      1249       1218 1085999331          0]
 [      1287       1244 1085999476          0]
 [      1215       1100 1085999490          0]
 [      1100       1215 1085999542          0]]
